user_uuid,event_name,category,event_time,event_date,event_day,event_time_only
30ba8fc6-c855-4487-8c3b-39d5f898e72e,App Installed,system,2026-01-10 10:54:30.619000+05:30,2026-01-10,Saturday,'10:54:30.619000
30ba8fc6-c855-4487-8c3b-39d5f898e72e,Buslist_bus_selection,application,2026-01-10 11:04:30.109000+05:30,2026-01-10,Saturday,'11:04:30.109000
30ba8fc6-c855-4487-8c3b-39d5f898e72e,Buslist_bus_selection,application,2026-01-10 11:09:12.139000+05:30,2026-01-10,Saturday,'11:09:12.139000
30ba8fc6-c855-4487-8c3b-39d5f898e72e,Buslist_date change,application,2026-01-10 10:56:25.547000+05:30,2026-01-10,Saturday,'10:56:25.547000
30ba8fc6-c855-4487-8c3b-39d5f898e72e,Buslist_date change,application,2026-01-10 10:57:01.698000+05:30,2026-01-10,Saturday,'10:57:01.698000
30ba8fc6-c855-4487-8c3b-39d5f898e72e,Buslist_date change,application,2026-01-10 10:57:30.248000+05:30,2026-01-10,Saturday,'10:57:30.248000
30ba8fc6-c855-4487-8c3b-39d5f898e72e,Buslist_date change,application,2026-01-10 10:57:38.830000+05:30,2026-01-10,Saturday,'10:57:38.830000
30ba8fc6-c855-4487-8c3b-39d5f898e72e,Buslist_date change,application,2026-01-10 10:58:20.052000+05:30,2026-01-10,Saturday,'10:58:20.052000
30ba8fc6-c855-4487-8c3b-39d5f898e72e,Buslist_date change,application,2026-01-10 10:58:26.555000+05:30,2026-01-10,Saturday,'10:58:26.555000
30ba8fc6-c855-4487-8c3b-39d5f898e72e,Buslist_date change,application,2026-01-10 10:59:04.235000+05:30,2026-01-10,Saturday,'10:59:04.235000
30ba8fc6-c855-4487-8c3b-39d5f898e72e,Buslist_date change,application,2026-01-10 10:59:10.924000+05:30,2026-01-10,Saturday,'10:59:10.924000
30ba8fc6-c855-4487-8c3b-39d5f898e72e,Buslist_date change,application,2026-01-10 11:00:16.813000+05:30,2026-01-10,Saturday,'11:00:16.813000
30ba8fc6-c855-4487-8c3b-39d5f898e72e,Buslist_date change,application,2026-01-10 11:00:20.675000+05:30,2026-01-10,Saturday,'11:00:20.675000
30ba8fc6-c855-4487-8c3b-39d5f898e72e,Buslist_date change,application,2026-01-10 11:01:38.747000+05:30,2026-01-10,Saturday,'11:01:38.747000
30ba8fc6-c855-4487-8c3b-39d5f898e72e,Buslist_date change,application,2026-01-10 11:01:45.067000+05:30,2026-01-10,Saturday,'11:01:45.067000
30ba8fc6-c855-4487-8c3b-39d5f898e72e,Buslist_date change,application,2026-01-10 11:02:54.297000+05:30,2026-01-10,Saturday,'11:02:54.297000
30ba8fc6-c855-4487-8c3b-39d5f898e72e,Buslist_date change,application,2026-01-10 11:02:58.128000+05:30,2026-01-10,Saturday,'11:02:58.128000
30ba8fc6-c855-4487-8c3b-39d5f898e72e,Buslist_date change,application,2026-01-10 11:04:10.968000+05:30,2026-01-10,Saturday,'11:04:10.968000
30ba8fc6-c855-4487-8c3b-39d5f898e72e,Buslist_date change,application,2026-01-10 11:04:16.395000+05:30,2026-01-10,Saturday,'11:04:16.395000
30ba8fc6-c855-4487-8c3b-39d5f898e72e,Buslist_date change,application,2026-01-10 11:06:30.588000+05:30,2026-01-10,Saturday,'11:06:30.588000
30ba8fc6-c855-4487-8c3b-39d5f898e72e,Buslist_date change,application,2026-01-10 11:06:42.343000+05:30,2026-01-10,Saturday,'11:06:42.343000
30ba8fc6-c855-4487-8c3b-39d5f898e72e,Buslist_date change,application,2026-01-10 11:07:05.267000+05:30,2026-01-10,Saturday,'11:07:05.267000
30ba8fc6-c855-4487-8c3b-39d5f898e72e,Buslist_date change,application,2026-01-10 11:07:09.306000+05:30,2026-01-10,Saturday,'11:07:09.306000
30ba8fc6-c855-4487-8c3b-39d5f898e72e,Buslist_date change,application,2026-01-10 11:07:14.463000+05:30,2026-01-10,Saturday,'11:07:14.463000
30ba8fc6-c855-4487-8c3b-39d5f898e72e,Buslist_date change,application,2026-01-10 11:07:17.804000+05:30,2026-01-10,Saturday,'11:07:17.804000
30ba8fc6-c855-4487-8c3b-39d5f898e72e,Buslist_date change,application,2026-01-10 11:07:45.338000+05:30,2026-01-10,Saturday,'11:07:45.338000
30ba8fc6-c855-4487-8c3b-39d5f898e72e,Buslist_date change,application,2026-01-10 11:07:56.250000+05:30,2026-01-10,Saturday,'11:07:56.250000
30ba8fc6-c855-4487-8c3b-39d5f898e72e,Buslist_date change,application,2026-01-10 11:08:59.985000+05:30,2026-01-10,Saturday,'11:08:59.985000
30ba8fc6-c855-4487-8c3b-39d5f898e72e,Buslist_date change,application,2026-01-10 11:09:03.131000+05:30,2026-01-10,Saturday,'11:09:03.131000
30ba8fc6-c855-4487-8c3b-39d5f898e72e,Buslist_date change,application,2026-01-10 11:11:25.164000+05:30,2026-01-10,Saturday,'11:11:25.164000
30ba8fc6-c855-4487-8c3b-39d5f898e72e,Buslist_date change,application,2026-01-10 11:11:32.528000+05:30,2026-01-10,Saturday,'11:11:32.528000
30ba8fc6-c855-4487-8c3b-39d5f898e72e,Buslist_date change,application,2026-01-10 11:12:27.581000+05:30,2026-01-10,Saturday,'11:12:27.581000
30ba8fc6-c855-4487-8c3b-39d5f898e72e,Buslist_date change,application,2026-01-10 11:12:31.559000+05:30,2026-01-10,Saturday,'11:12:31.559000
30ba8fc6-c855-4487-8c3b-39d5f898e72e,Buslist_date change,application,2026-01-10 11:12:59.352000+05:30,2026-01-10,Saturday,'11:12:59.352000
30ba8fc6-c855-4487-8c3b-39d5f898e72e,Buslist_date change,application,2026-01-10 11:13:03.194000+05:30,2026-01-10,Saturday,'11:13:03.194000
30ba8fc6-c855-4487-8c3b-39d5f898e72e,DeviceInfo,application,2026-01-10 10:54:28.515000+05:30,2026-01-10,Saturday,'10:54:28.515000
30ba8fc6-c855-4487-8c3b-39d5f898e72e,Journey Ended,system,2026-01-10 10:54:43.281000+05:30,2026-01-10,Saturday,'10:54:43.281000
30ba8fc6-c855-4487-8c3b-39d5f898e72e,Journey Ended,system,2026-01-10 10:54:49.485000+05:30,2026-01-10,Saturday,'10:54:49.485000
30ba8fc6-c855-4487-8c3b-39d5f898e72e,Journey Ended,system,2026-01-10 11:04:30.946000+05:30,2026-01-10,Saturday,'11:04:30.946000
30ba8fc6-c855-4487-8c3b-39d5f898e72e,Journey Ended,system,2026-01-10 11:09:12.300000+05:30,2026-01-10,Saturday,'11:09:12.300000
30ba8fc6-c855-4487-8c3b-39d5f898e72e,Journey Ended,system,2026-01-10 11:09:21.981000+05:30,2026-01-10,Saturday,'11:09:21.981000
30ba8fc6-c855-4487-8c3b-39d5f898e72e,Journey Ended,system,2026-01-10 17:27:43.697000+05:30,2026-01-10,Saturday,'17:27:43.697000
30ba8fc6-c855-4487-8c3b-39d5f898e72e,Journey Started,system,2026-01-10 10:54:34.175000+05:30,2026-01-10,Saturday,'10:54:34.175000
30ba8fc6-c855-4487-8c3b-39d5f898e72e,Journey Started,system,2026-01-10 10:54:43.281000+05:30,2026-01-10,Saturday,'10:54:43.281000
30ba8fc6-c855-4487-8c3b-39d5f898e72e,Journey Started,system,2026-01-10 10:54:49.484000+05:30,2026-01-10,Saturday,'10:54:49.484000
30ba8fc6-c855-4487-8c3b-39d5f898e72e,Journey Started,system,2026-01-10 10:58:06.629000+05:30,2026-01-10,Saturday,'10:58:06.629000
30ba8fc6-c855-4487-8c3b-39d5f898e72e,Journey Started,system,2026-01-10 11:04:30.949000+05:30,2026-01-10,Saturday,'11:04:30.949000
30ba8fc6-c855-4487-8c3b-39d5f898e72e,Journey Started,system,2026-01-10 11:06:51.554000+05:30,2026-01-10,Saturday,'11:06:51.554000
30ba8fc6-c855-4487-8c3b-39d5f898e72e,Journey Started,system,2026-01-10 11:12:04.983000+05:30,2026-01-10,Saturday,'11:12:04.983000
30ba8fc6-c855-4487-8c3b-39d5f898e72e,Onboarding_Language,application,2026-01-10 10:54:43.157000+05:30,2026-01-10,Saturday,'10:54:43.157000
30ba8fc6-c855-4487-8c3b-39d5f898e72e,Onboarding_Language,application,2026-01-10 10:54:43.253000+05:30,2026-01-10,Saturday,'10:54:43.253000
30ba8fc6-c855-4487-8c3b-39d5f898e72e,Onboarding_Language,application,2026-01-10 10:54:43.342000+05:30,2026-01-10,Saturday,'10:54:43.342000
30ba8fc6-c855-4487-8c3b-39d5f898e72e,Onboarding_Language,application,2026-01-10 10:54:44.115000+05:30,2026-01-10,Saturday,'10:54:44.115000
30ba8fc6-c855-4487-8c3b-39d5f898e72e,Onboarding_T&C agree,application,2026-01-10 10:55:14.266000+05:30,2026-01-10,Saturday,'10:55:14.266000
30ba8fc6-c855-4487-8c3b-39d5f898e72e,Onboarding_T&C unchecked,application,2026-01-10 10:55:09.539000+05:30,2026-01-10,Saturday,'10:55:09.539000
30ba8fc6-c855-4487-8c3b-39d5f898e72e,Onboarding_Whtsapp agree,application,2026-01-10 10:55:14.498000+05:30,2026-01-10,Saturday,'10:55:14.498000
30ba8fc6-c855-4487-8c3b-39d5f898e72e,Onboarding_Whtsapp unchecked,application,2026-01-10 10:55:02.760000+05:30,2026-01-10,Saturday,'10:55:02.760000
30ba8fc6-c855-4487-8c3b-39d5f898e72e,Onboarding_backpressed,application,2026-01-10 10:54:49.467000+05:30,2026-01-10,Saturday,'10:54:49.467000
30ba8fc6-c855-4487-8c3b-39d5f898e72e,Onboarding_backpressed,application,2026-01-10 10:55:01.144000+05:30,2026-01-10,Saturday,'10:55:01.144000
30ba8fc6-c855-4487-8c3b-39d5f898e72e,Onboarding_get_otp,application,2026-01-10 10:54:55.838000+05:30,2026-01-10,Saturday,'10:54:55.838000
30ba8fc6-c855-4487-8c3b-39d5f898e72e,Onboarding_get_otp,application,2026-01-10 10:55:18.591000+05:30,2026-01-10,Saturday,'10:55:18.591000
30ba8fc6-c855-4487-8c3b-39d5f898e72e,Onboarding_signup_,application,2026-01-10 10:54:58.104000+05:30,2026-01-10,Saturday,'10:54:58.104000
30ba8fc6-c855-4487-8c3b-39d5f898e72e,Onboarding_signup_,application,2026-01-10 10:55:19.281000+05:30,2026-01-10,Saturday,'10:55:19.281000
30ba8fc6-c855-4487-8c3b-39d5f898e72e,Push Failure,system,2026-01-10 11:27:28.287000+05:30,2026-01-10,Saturday,'11:27:28.287000
30ba8fc6-c855-4487-8c3b-39d5f898e72e,Push Failure,system,2026-01-11 10:54:58.453000+05:30,2026-01-11,Sunday,'10:54:58.453000
30ba8fc6-c855-4487-8c3b-39d5f898e72e,Push Failure,system,2026-01-12 10:55:25.413000+05:30,2026-01-12,Monday,'10:55:25.413000
30ba8fc6-c855-4487-8c3b-39d5f898e72e,Push Failure,system,2026-01-13 10:55:48.997000+05:30,2026-01-13,Tuesday,'10:55:48.997000
30ba8fc6-c855-4487-8c3b-39d5f898e72e,Push Failure,system,2026-01-14 11:10:16.333000+05:30,2026-01-14,Wednesday,'11:10:16.333000
30ba8fc6-c855-4487-8c3b-39d5f898e72e,Push Failure,system,2026-01-15 11:11:08.006000+05:30,2026-01-15,Thursday,'11:11:08.006000
30ba8fc6-c855-4487-8c3b-39d5f898e72e,Push Subscribe Process - Device Registered (Push),system,2026-01-10 10:54:37.891000+05:30,2026-01-10,Saturday,'10:54:37.891000
30ba8fc6-c855-4487-8c3b-39d5f898e72e,SeatSelection_Click On Back,application,2026-01-10 11:04:30.595000+05:30,2026-01-10,Saturday,'11:04:30.595000
30ba8fc6-c855-4487-8c3b-39d5f898e72e,SeatSelection_Click On Back,application,2026-01-10 11:09:12.285000+05:30,2026-01-10,Saturday,'11:09:12.285000
30ba8fc6-c855-4487-8c3b-39d5f898e72e,Session Started,system,2026-01-10 10:54:30.580000+05:30,2026-01-10,Saturday,'10:54:30.580000
30ba8fc6-c855-4487-8c3b-39d5f898e72e,Session Started,system,2026-01-10 10:56:39.889000+05:30,2026-01-10,Saturday,'10:56:39.889000
30ba8fc6-c855-4487-8c3b-39d5f898e72e,Session Started,system,2026-01-10 11:08:23.507000+05:30,2026-01-10,Saturday,'11:08:23.507000
30ba8fc6-c855-4487-8c3b-39d5f898e72e,Session Started,system,2026-01-10 11:10:37.458000+05:30,2026-01-10,Saturday,'11:10:37.458000
30ba8fc6-c855-4487-8c3b-39d5f898e72e,User Login,system,2026-01-10 10:55:34.604000+05:30,2026-01-10,Saturday,'10:55:34.604000
30ba8fc6-c855-4487-8c3b-39d5f898e72e,_auth_generate-otp,application,2026-01-10 10:54:58.033000+05:30,2026-01-10,Saturday,'10:54:58.033000
30ba8fc6-c855-4487-8c3b-39d5f898e72e,_auth_generate-otp,application,2026-01-10 10:55:19.233000+05:30,2026-01-10,Saturday,'10:55:19.233000
30ba8fc6-c855-4487-8c3b-39d5f898e72e,_auth_verify-otp,application,2026-01-10 10:55:34.555000+05:30,2026-01-10,Saturday,'10:55:34.555000
30ba8fc6-c855-4487-8c3b-39d5f898e72e,_bus-search_list,application,2026-01-10 10:57:51.481000+05:30,2026-01-10,Saturday,'10:57:51.481000
30ba8fc6-c855-4487-8c3b-39d5f898e72e,_bus-search_list,application,2026-01-10 10:58:25.962000+05:30,2026-01-10,Saturday,'10:58:25.962000
30ba8fc6-c855-4487-8c3b-39d5f898e72e,_bus-search_list,application,2026-01-10 10:59:10.537000+05:30,2026-01-10,Saturday,'10:59:10.537000
30ba8fc6-c855-4487-8c3b-39d5f898e72e,_bus-search_list,application,2026-01-10 11:00:20.351000+05:30,2026-01-10,Saturday,'11:00:20.351000
30ba8fc6-c855-4487-8c3b-39d5f898e72e,_bus-search_list,application,2026-01-10 11:01:44.601000+05:30,2026-01-10,Saturday,'11:01:44.601000
30ba8fc6-c855-4487-8c3b-39d5f898e72e,_bus-search_list,application,2026-01-10 11:02:57.826000+05:30,2026-01-10,Saturday,'11:02:57.826000
30ba8fc6-c855-4487-8c3b-39d5f898e72e,_bus-search_list,application,2026-01-10 11:04:15.807000+05:30,2026-01-10,Saturday,'11:04:15.807000
30ba8fc6-c855-4487-8c3b-39d5f898e72e,_bus-search_list,application,2026-01-10 11:06:41.503000+05:30,2026-01-10,Saturday,'11:06:41.503000
30ba8fc6-c855-4487-8c3b-39d5f898e72e,_bus-search_list,application,2026-01-10 11:07:09.046000+05:30,2026-01-10,Saturday,'11:07:09.046000
30ba8fc6-c855-4487-8c3b-39d5f898e72e,_bus-search_list,application,2026-01-10 11:07:17.497000+05:30,2026-01-10,Saturday,'11:07:17.497000
30ba8fc6-c855-4487-8c3b-39d5f898e72e,_bus-search_list,application,2026-01-10 11:07:56.017000+05:30,2026-01-10,Saturday,'11:07:56.017000
30ba8fc6-c855-4487-8c3b-39d5f898e72e,_bus-search_list,application,2026-01-10 11:09:02.475000+05:30,2026-01-10,Saturday,'11:09:02.475000
30ba8fc6-c855-4487-8c3b-39d5f898e72e,_bus-search_list,application,2026-01-10 11:11:31.282000+05:30,2026-01-10,Saturday,'11:11:31.282000
30ba8fc6-c855-4487-8c3b-39d5f898e72e,_bus-search_list,application,2026-01-10 11:12:31.332000+05:30,2026-01-10,Saturday,'11:12:31.332000
30ba8fc6-c855-4487-8c3b-39d5f898e72e,_bus-search_list,application,2026-01-10 11:13:02.941000+05:30,2026-01-10,Saturday,'11:13:02.941000
30ba8fc6-c855-4487-8c3b-39d5f898e72e,_bus-search_user-bus-search,application,2026-01-10 10:56:26.850000+05:30,2026-01-10,Saturday,'10:56:26.850000
30ba8fc6-c855-4487-8c3b-39d5f898e72e,_bus-search_user-bus-search,application,2026-01-10 10:57:02.267000+05:30,2026-01-10,Saturday,'10:57:02.267000
30ba8fc6-c855-4487-8c3b-39d5f898e72e,_bus-search_user-bus-search,application,2026-01-10 10:57:30.663000+05:30,2026-01-10,Saturday,'10:57:30.663000
30ba8fc6-c855-4487-8c3b-39d5f898e72e,_bus-search_user-bus-search,application,2026-01-10 10:57:39.498000+05:30,2026-01-10,Saturday,'10:57:39.498000
30ba8fc6-c855-4487-8c3b-39d5f898e72e,_bus-search_user-bus-search,application,2026-01-10 10:58:24.252000+05:30,2026-01-10,Saturday,'10:58:24.252000
30ba8fc6-c855-4487-8c3b-39d5f898e72e,_bus-search_user-bus-search,application,2026-01-10 10:59:08.128000+05:30,2026-01-10,Saturday,'10:59:08.128000
30ba8fc6-c855-4487-8c3b-39d5f898e72e,_bus-search_user-bus-search,application,2026-01-10 11:00:18.227000+05:30,2026-01-10,Saturday,'11:00:18.227000
30ba8fc6-c855-4487-8c3b-39d5f898e72e,_bus-search_user-bus-search,application,2026-01-10 11:01:40.259000+05:30,2026-01-10,Saturday,'11:01:40.259000
30ba8fc6-c855-4487-8c3b-39d5f898e72e,_bus-search_user-bus-search,application,2026-01-10 11:02:55.405000+05:30,2026-01-10,Saturday,'11:02:55.405000
30ba8fc6-c855-4487-8c3b-39d5f898e72e,_bus-search_user-bus-search,application,2026-01-10 11:04:12.861000+05:30,2026-01-10,Saturday,'11:04:12.861000
30ba8fc6-c855-4487-8c3b-39d5f898e72e,_bus-search_user-bus-search,application,2026-01-10 11:06:39.863000+05:30,2026-01-10,Saturday,'11:06:39.863000
30ba8fc6-c855-4487-8c3b-39d5f898e72e,_bus-search_user-bus-search,application,2026-01-10 11:07:07.314000+05:30,2026-01-10,Saturday,'11:07:07.314000
30ba8fc6-c855-4487-8c3b-39d5f898e72e,_bus-search_user-bus-search,application,2026-01-10 11:07:15.384000+05:30,2026-01-10,Saturday,'11:07:15.384000
30ba8fc6-c855-4487-8c3b-39d5f898e72e,_bus-search_user-bus-search,application,2026-01-10 11:07:53.665000+05:30,2026-01-10,Saturday,'11:07:53.665000
30ba8fc6-c855-4487-8c3b-39d5f898e72e,_bus-search_user-bus-search,application,2026-01-10 11:09:00.812000+05:30,2026-01-10,Saturday,'11:09:00.812000
30ba8fc6-c855-4487-8c3b-39d5f898e72e,_bus-search_user-bus-search,application,2026-01-10 11:11:26.080000+05:30,2026-01-10,Saturday,'11:11:26.080000
30ba8fc6-c855-4487-8c3b-39d5f898e72e,_bus-search_user-bus-search,application,2026-01-10 11:12:28.670000+05:30,2026-01-10,Saturday,'11:12:28.670000
30ba8fc6-c855-4487-8c3b-39d5f898e72e,_bus-search_user-bus-search,application,2026-01-10 11:13:00.142000+05:30,2026-01-10,Saturday,'11:13:00.142000
30ba8fc6-c855-4487-8c3b-39d5f898e72e,_bus-search_v2_layout,application,2026-01-10 11:04:30.994000+05:30,2026-01-10,Saturday,'11:04:30.994000
30ba8fc6-c855-4487-8c3b-39d5f898e72e,_bus-search_v2_layout,application,2026-01-10 11:09:12.769000+05:30,2026-01-10,Saturday,'11:09:12.769000
30ba8fc6-c855-4487-8c3b-39d5f898e72e,_history_recommended-journey,application,2026-01-10 10:55:50.339000+05:30,2026-01-10,Saturday,'10:55:50.339000
30ba8fc6-c855-4487-8c3b-39d5f898e72e,_history_recommended-journey,application,2026-01-10 10:56:46.753000+05:30,2026-01-10,Saturday,'10:56:46.753000
30ba8fc6-c855-4487-8c3b-39d5f898e72e,_history_recommended-journey,application,2026-01-10 11:11:10.501000+05:30,2026-01-10,Saturday,'11:11:10.501000
30ba8fc6-c855-4487-8c3b-39d5f898e72e,_location_elastic-town-search,application,2026-01-10 10:55:51.831000+05:30,2026-01-10,Saturday,'10:55:51.831000
30ba8fc6-c855-4487-8c3b-39d5f898e72e,_location_elastic-town-search,application,2026-01-10 10:55:53.297000+05:30,2026-01-10,Saturday,'10:55:53.297000
30ba8fc6-c855-4487-8c3b-39d5f898e72e,_location_elastic-town-search,application,2026-01-10 10:55:55.736000+05:30,2026-01-10,Saturday,'10:55:55.736000
30ba8fc6-c855-4487-8c3b-39d5f898e72e,_location_elastic-town-search,application,2026-01-10 10:55:57.403000+05:30,2026-01-10,Saturday,'10:55:57.403000
30ba8fc6-c855-4487-8c3b-39d5f898e72e,_location_elastic-town-search,application,2026-01-10 10:55:58.929000+05:30,2026-01-10,Saturday,'10:55:58.929000
30ba8fc6-c855-4487-8c3b-39d5f898e72e,_location_elastic-town-search,application,2026-01-10 10:55:59.475000+05:30,2026-01-10,Saturday,'10:55:59.475000
30ba8fc6-c855-4487-8c3b-39d5f898e72e,_location_elastic-town-search,application,2026-01-10 10:55:59.636000+05:30,2026-01-10,Saturday,'10:55:59.636000
30ba8fc6-c855-4487-8c3b-39d5f898e72e,_location_elastic-town-search,application,2026-01-10 10:56:03.302000+05:30,2026-01-10,Saturday,'10:56:03.302000
30ba8fc6-c855-4487-8c3b-39d5f898e72e,_location_elastic-town-search,application,2026-01-10 10:56:05.358000+05:30,2026-01-10,Saturday,'10:56:05.358000
30ba8fc6-c855-4487-8c3b-39d5f898e72e,_location_elastic-town-search,application,2026-01-10 10:56:06.006000+05:30,2026-01-10,Saturday,'10:56:06.006000
30ba8fc6-c855-4487-8c3b-39d5f898e72e,_location_elastic-town-search,application,2026-01-10 10:56:06.430000+05:30,2026-01-10,Saturday,'10:56:06.430000
30ba8fc6-c855-4487-8c3b-39d5f898e72e,_location_elastic-town-search,application,2026-01-10 10:58:01.473000+05:30,2026-01-10,Saturday,'10:58:01.473000
30ba8fc6-c855-4487-8c3b-39d5f898e72e,_location_elastic-town-search,application,2026-01-10 10:58:07.026000+05:30,2026-01-10,Saturday,'10:58:07.026000
30ba8fc6-c855-4487-8c3b-39d5f898e72e,_location_elastic-town-search,application,2026-01-10 10:58:07.599000+05:30,2026-01-10,Saturday,'10:58:07.599000
30ba8fc6-c855-4487-8c3b-39d5f898e72e,_location_elastic-town-search,application,2026-01-10 10:58:07.809000+05:30,2026-01-10,Saturday,'10:58:07.809000
30ba8fc6-c855-4487-8c3b-39d5f898e72e,_location_elastic-town-search,application,2026-01-10 10:58:09.683000+05:30,2026-01-10,Saturday,'10:58:09.683000
30ba8fc6-c855-4487-8c3b-39d5f898e72e,_location_elastic-town-search,application,2026-01-10 10:58:11.092000+05:30,2026-01-10,Saturday,'10:58:11.092000
30ba8fc6-c855-4487-8c3b-39d5f898e72e,_location_elastic-town-search,application,2026-01-10 10:58:11.306000+05:30,2026-01-10,Saturday,'10:58:11.306000
30ba8fc6-c855-4487-8c3b-39d5f898e72e,_location_elastic-town-search,application,2026-01-10 10:58:12.439000+05:30,2026-01-10,Saturday,'10:58:12.439000
30ba8fc6-c855-4487-8c3b-39d5f898e72e,_location_elastic-town-search,application,2026-01-10 10:58:13.353000+05:30,2026-01-10,Saturday,'10:58:13.353000
30ba8fc6-c855-4487-8c3b-39d5f898e72e,_location_elastic-town-search,application,2026-01-10 10:58:33.842000+05:30,2026-01-10,Saturday,'10:58:33.842000
30ba8fc6-c855-4487-8c3b-39d5f898e72e,_location_elastic-town-search,application,2026-01-10 10:58:37.391000+05:30,2026-01-10,Saturday,'10:58:37.391000
30ba8fc6-c855-4487-8c3b-39d5f898e72e,_location_elastic-town-search,application,2026-01-10 10:58:37.651000+05:30,2026-01-10,Saturday,'10:58:37.651000
30ba8fc6-c855-4487-8c3b-39d5f898e72e,_location_elastic-town-search,application,2026-01-10 10:58:49.421000+05:30,2026-01-10,Saturday,'10:58:49.421000
30ba8fc6-c855-4487-8c3b-39d5f898e72e,_location_elastic-town-search,application,2026-01-10 10:58:49.615000+05:30,2026-01-10,Saturday,'10:58:49.615000
30ba8fc6-c855-4487-8c3b-39d5f898e72e,_location_elastic-town-search,application,2026-01-10 10:58:50.822000+05:30,2026-01-10,Saturday,'10:58:50.822000
30ba8fc6-c855-4487-8c3b-39d5f898e72e,_location_elastic-town-search,application,2026-01-10 10:58:51.234000+05:30,2026-01-10,Saturday,'10:58:51.234000
30ba8fc6-c855-4487-8c3b-39d5f898e72e,_location_elastic-town-search,application,2026-01-10 10:58:57.728000+05:30,2026-01-10,Saturday,'10:58:57.728000
30ba8fc6-c855-4487-8c3b-39d5f898e72e,_location_elastic-town-search,application,2026-01-10 11:00:06.305000+05:30,2026-01-10,Saturday,'11:00:06.305000
30ba8fc6-c855-4487-8c3b-39d5f898e72e,_location_elastic-town-search,application,2026-01-10 11:00:07.514000+05:30,2026-01-10,Saturday,'11:00:07.514000
30ba8fc6-c855-4487-8c3b-39d5f898e72e,_location_elastic-town-search,application,2026-01-10 11:00:09.670000+05:30,2026-01-10,Saturday,'11:00:09.670000
30ba8fc6-c855-4487-8c3b-39d5f898e72e,_location_elastic-town-search,application,2026-01-10 11:00:11.413000+05:30,2026-01-10,Saturday,'11:00:11.413000
30ba8fc6-c855-4487-8c3b-39d5f898e72e,_location_elastic-town-search,application,2026-01-10 11:01:00.087000+05:30,2026-01-10,Saturday,'11:01:00.087000
30ba8fc6-c855-4487-8c3b-39d5f898e72e,_location_elastic-town-search,application,2026-01-10 11:01:01.446000+05:30,2026-01-10,Saturday,'11:01:01.446000
30ba8fc6-c855-4487-8c3b-39d5f898e72e,_location_elastic-town-search,application,2026-01-10 11:01:02.453000+05:30,2026-01-10,Saturday,'11:01:02.453000
30ba8fc6-c855-4487-8c3b-39d5f898e72e,_location_elastic-town-search,application,2026-01-10 11:01:03.747000+05:30,2026-01-10,Saturday,'11:01:03.747000
30ba8fc6-c855-4487-8c3b-39d5f898e72e,_location_elastic-town-search,application,2026-01-10 11:01:04.999000+05:30,2026-01-10,Saturday,'11:01:04.999000
30ba8fc6-c855-4487-8c3b-39d5f898e72e,_location_elastic-town-search,application,2026-01-10 11:01:06.655000+05:30,2026-01-10,Saturday,'11:01:06.655000
30ba8fc6-c855-4487-8c3b-39d5f898e72e,_location_elastic-town-search,application,2026-01-10 11:01:09.598000+05:30,2026-01-10,Saturday,'11:01:09.598000
30ba8fc6-c855-4487-8c3b-39d5f898e72e,_location_elastic-town-search,application,2026-01-10 11:01:09.742000+05:30,2026-01-10,Saturday,'11:01:09.742000
30ba8fc6-c855-4487-8c3b-39d5f898e72e,_location_elastic-town-search,application,2026-01-10 11:01:09.885000+05:30,2026-01-10,Saturday,'11:01:09.885000
30ba8fc6-c855-4487-8c3b-39d5f898e72e,_location_elastic-town-search,application,2026-01-10 11:01:11.478000+05:30,2026-01-10,Saturday,'11:01:11.478000
30ba8fc6-c855-4487-8c3b-39d5f898e72e,_location_elastic-town-search,application,2026-01-10 11:01:14.024000+05:30,2026-01-10,Saturday,'11:01:14.024000
30ba8fc6-c855-4487-8c3b-39d5f898e72e,_location_elastic-town-search,application,2026-01-10 11:01:15.518000+05:30,2026-01-10,Saturday,'11:01:15.518000
30ba8fc6-c855-4487-8c3b-39d5f898e72e,_location_elastic-town-search,application,2026-01-10 11:01:15.804000+05:30,2026-01-10,Saturday,'11:01:15.804000
30ba8fc6-c855-4487-8c3b-39d5f898e72e,_location_elastic-town-search,application,2026-01-10 11:01:16.044000+05:30,2026-01-10,Saturday,'11:01:16.044000
30ba8fc6-c855-4487-8c3b-39d5f898e72e,_location_elastic-town-search,application,2026-01-10 11:01:16.315000+05:30,2026-01-10,Saturday,'11:01:16.315000
30ba8fc6-c855-4487-8c3b-39d5f898e72e,_location_elastic-town-search,application,2026-01-10 11:01:17.098000+05:30,2026-01-10,Saturday,'11:01:17.098000
30ba8fc6-c855-4487-8c3b-39d5f898e72e,_location_elastic-town-search,application,2026-01-10 11:01:21.848000+05:30,2026-01-10,Saturday,'11:01:21.848000
30ba8fc6-c855-4487-8c3b-39d5f898e72e,_location_elastic-town-search,application,2026-01-10 11:01:23.413000+05:30,2026-01-10,Saturday,'11:01:23.413000
30ba8fc6-c855-4487-8c3b-39d5f898e72e,_location_elastic-town-search,application,2026-01-10 11:01:29.862000+05:30,2026-01-10,Saturday,'11:01:29.862000
30ba8fc6-c855-4487-8c3b-39d5f898e72e,_location_elastic-town-search,application,2026-01-10 11:01:31.240000+05:30,2026-01-10,Saturday,'11:01:31.240000
30ba8fc6-c855-4487-8c3b-39d5f898e72e,_location_elastic-town-search,application,2026-01-10 11:01:31.962000+05:30,2026-01-10,Saturday,'11:01:31.962000
30ba8fc6-c855-4487-8c3b-39d5f898e72e,_location_elastic-town-search,application,2026-01-10 11:01:32.700000+05:30,2026-01-10,Saturday,'11:01:32.700000
30ba8fc6-c855-4487-8c3b-39d5f898e72e,_location_elastic-town-search,application,2026-01-10 11:01:33.134000+05:30,2026-01-10,Saturday,'11:01:33.134000
30ba8fc6-c855-4487-8c3b-39d5f898e72e,_location_elastic-town-search,application,2026-01-10 11:02:43.975000+05:30,2026-01-10,Saturday,'11:02:43.975000
30ba8fc6-c855-4487-8c3b-39d5f898e72e,_location_elastic-town-search,application,2026-01-10 11:02:45.476000+05:30,2026-01-10,Saturday,'11:02:45.476000
30ba8fc6-c855-4487-8c3b-39d5f898e72e,_location_elastic-town-search,application,2026-01-10 11:02:49.993000+05:30,2026-01-10,Saturday,'11:02:49.993000
30ba8fc6-c855-4487-8c3b-39d5f898e72e,_location_elastic-town-search,application,2026-01-10 11:03:06.370000+05:30,2026-01-10,Saturday,'11:03:06.370000
30ba8fc6-c855-4487-8c3b-39d5f898e72e,_location_elastic-town-search,application,2026-01-10 11:03:07.995000+05:30,2026-01-10,Saturday,'11:03:07.995000
30ba8fc6-c855-4487-8c3b-39d5f898e72e,_location_elastic-town-search,application,2026-01-10 11:03:52.602000+05:30,2026-01-10,Saturday,'11:03:52.602000
30ba8fc6-c855-4487-8c3b-39d5f898e72e,_location_elastic-town-search,application,2026-01-10 11:03:59.169000+05:30,2026-01-10,Saturday,'11:03:59.169000
30ba8fc6-c855-4487-8c3b-39d5f898e72e,_location_elastic-town-search,application,2026-01-10 11:04:00.681000+05:30,2026-01-10,Saturday,'11:04:00.681000
30ba8fc6-c855-4487-8c3b-39d5f898e72e,_location_elastic-town-search,application,2026-01-10 11:04:01.607000+05:30,2026-01-10,Saturday,'11:04:01.607000
30ba8fc6-c855-4487-8c3b-39d5f898e72e,_location_elastic-town-search,application,2026-01-10 11:04:01.849000+05:30,2026-01-10,Saturday,'11:04:01.849000
30ba8fc6-c855-4487-8c3b-39d5f898e72e,_location_elastic-town-search,application,2026-01-10 11:06:24.130000+05:30,2026-01-10,Saturday,'11:06:24.130000
30ba8fc6-c855-4487-8c3b-39d5f898e72e,_location_elastic-town-search,application,2026-01-10 11:06:51.488000+05:30,2026-01-10,Saturday,'11:06:51.488000
30ba8fc6-c855-4487-8c3b-39d5f898e72e,_location_elastic-town-search,application,2026-01-10 11:06:54.146000+05:30,2026-01-10,Saturday,'11:06:54.146000
30ba8fc6-c855-4487-8c3b-39d5f898e72e,_location_elastic-town-search,application,2026-01-10 11:06:55.077000+05:30,2026-01-10,Saturday,'11:06:55.077000
30ba8fc6-c855-4487-8c3b-39d5f898e72e,_location_elastic-town-search,application,2026-01-10 11:06:55.361000+05:30,2026-01-10,Saturday,'11:06:55.361000
30ba8fc6-c855-4487-8c3b-39d5f898e72e,_location_elastic-town-search,application,2026-01-10 11:06:56.695000+05:30,2026-01-10,Saturday,'11:06:56.695000
30ba8fc6-c855-4487-8c3b-39d5f898e72e,_location_elastic-town-search,application,2026-01-10 11:07:23.342000+05:30,2026-01-10,Saturday,'11:07:23.342000
30ba8fc6-c855-4487-8c3b-39d5f898e72e,_location_elastic-town-search,application,2026-01-10 11:07:25.413000+05:30,2026-01-10,Saturday,'11:07:25.413000
30ba8fc6-c855-4487-8c3b-39d5f898e72e,_location_elastic-town-search,application,2026-01-10 11:07:25.656000+05:30,2026-01-10,Saturday,'11:07:25.656000
30ba8fc6-c855-4487-8c3b-39d5f898e72e,_location_elastic-town-search,application,2026-01-10 11:07:28.951000+05:30,2026-01-10,Saturday,'11:07:28.951000
30ba8fc6-c855-4487-8c3b-39d5f898e72e,_location_elastic-town-search,application,2026-01-10 11:08:17.096000+05:30,2026-01-10,Saturday,'11:08:17.096000
30ba8fc6-c855-4487-8c3b-39d5f898e72e,_location_elastic-town-search,application,2026-01-10 11:08:18.542000+05:30,2026-01-10,Saturday,'11:08:18.542000
30ba8fc6-c855-4487-8c3b-39d5f898e72e,_location_elastic-town-search,application,2026-01-10 11:08:53.790000+05:30,2026-01-10,Saturday,'11:08:53.790000
30ba8fc6-c855-4487-8c3b-39d5f898e72e,_location_elastic-town-search,application,2026-01-10 11:12:05.393000+05:30,2026-01-10,Saturday,'11:12:05.393000
30ba8fc6-c855-4487-8c3b-39d5f898e72e,_location_elastic-town-search,application,2026-01-10 11:12:06.346000+05:30,2026-01-10,Saturday,'11:12:06.346000
30ba8fc6-c855-4487-8c3b-39d5f898e72e,_location_elastic-town-search,application,2026-01-10 11:12:08.206000+05:30,2026-01-10,Saturday,'11:12:08.206000
30ba8fc6-c855-4487-8c3b-39d5f898e72e,_location_elastic-town-search,application,2026-01-10 11:12:11.498000+05:30,2026-01-10,Saturday,'11:12:11.498000
30ba8fc6-c855-4487-8c3b-39d5f898e72e,_location_elastic-town-search,application,2026-01-10 11:12:15.321000+05:30,2026-01-10,Saturday,'11:12:15.321000
30ba8fc6-c855-4487-8c3b-39d5f898e72e,_location_elastic-town-search,application,2026-01-10 11:12:17.581000+05:30,2026-01-10,Saturday,'11:12:17.581000
30ba8fc6-c855-4487-8c3b-39d5f898e72e,_location_elastic-town-search,application,2026-01-10 11:12:19.384000+05:30,2026-01-10,Saturday,'11:12:19.384000
30ba8fc6-c855-4487-8c3b-39d5f898e72e,_location_elastic-town-search,application,2026-01-10 11:12:22.708000+05:30,2026-01-10,Saturday,'11:12:22.708000
30ba8fc6-c855-4487-8c3b-39d5f898e72e,_location_elastic-town-search,application,2026-01-10 11:12:44.299000+05:30,2026-01-10,Saturday,'11:12:44.299000
30ba8fc6-c855-4487-8c3b-39d5f898e72e,_location_elastic-town-search,application,2026-01-10 11:12:47.680000+05:30,2026-01-10,Saturday,'11:12:47.680000
30ba8fc6-c855-4487-8c3b-39d5f898e72e,_location_elastic-town-search,application,2026-01-10 11:12:54.431000+05:30,2026-01-10,Saturday,'11:12:54.431000
30ba8fc6-c855-4487-8c3b-39d5f898e72e,_location_from-town,application,2026-01-10 10:55:49.465000+05:30,2026-01-10,Saturday,'10:55:49.465000
30ba8fc6-c855-4487-8c3b-39d5f898e72e,_location_from-town,application,2026-01-10 10:55:50.712000+05:30,2026-01-10,Saturday,'10:55:50.712000
30ba8fc6-c855-4487-8c3b-39d5f898e72e,_location_from-town,application,2026-01-10 10:56:46.550000+05:30,2026-01-10,Saturday,'10:56:46.550000
30ba8fc6-c855-4487-8c3b-39d5f898e72e,_location_from-town,application,2026-01-10 11:11:12.142000+05:30,2026-01-10,Saturday,'11:11:12.142000
30ba8fc6-c855-4487-8c3b-39d5f898e72e,_location_special-town-search,application,2026-01-10 10:55:50.491000+05:30,2026-01-10,Saturday,'10:55:50.491000
30ba8fc6-c855-4487-8c3b-39d5f898e72e,_location_special-town-search,application,2026-01-10 10:55:51.217000+05:30,2026-01-10,Saturday,'10:55:51.217000
30ba8fc6-c855-4487-8c3b-39d5f898e72e,_location_special-town-search,application,2026-01-10 10:56:02.863000+05:30,2026-01-10,Saturday,'10:56:02.863000
30ba8fc6-c855-4487-8c3b-39d5f898e72e,_location_special-town-search,application,2026-01-10 10:56:47.474000+05:30,2026-01-10,Saturday,'10:56:47.474000
30ba8fc6-c855-4487-8c3b-39d5f898e72e,_location_special-town-search,application,2026-01-10 10:58:01.154000+05:30,2026-01-10,Saturday,'10:58:01.154000
30ba8fc6-c855-4487-8c3b-39d5f898e72e,_location_special-town-search,application,2026-01-10 10:58:06.549000+05:30,2026-01-10,Saturday,'10:58:06.549000
30ba8fc6-c855-4487-8c3b-39d5f898e72e,_location_special-town-search,application,2026-01-10 10:58:09.560000+05:30,2026-01-10,Saturday,'10:58:09.560000
30ba8fc6-c855-4487-8c3b-39d5f898e72e,_location_special-town-search,application,2026-01-10 10:58:33.716000+05:30,2026-01-10,Saturday,'10:58:33.716000
30ba8fc6-c855-4487-8c3b-39d5f898e72e,_location_special-town-search,application,2026-01-10 11:00:06.159000+05:30,2026-01-10,Saturday,'11:00:06.159000
30ba8fc6-c855-4487-8c3b-39d5f898e72e,_location_special-town-search,application,2026-01-10 11:00:59.755000+05:30,2026-01-10,Saturday,'11:00:59.755000
30ba8fc6-c855-4487-8c3b-39d5f898e72e,_location_special-town-search,application,2026-01-10 11:02:43.868000+05:30,2026-01-10,Saturday,'11:02:43.868000
30ba8fc6-c855-4487-8c3b-39d5f898e72e,_location_special-town-search,application,2026-01-10 11:03:06.165000+05:30,2026-01-10,Saturday,'11:03:06.165000
30ba8fc6-c855-4487-8c3b-39d5f898e72e,_location_special-town-search,application,2026-01-10 11:06:23.762000+05:30,2026-01-10,Saturday,'11:06:23.762000
30ba8fc6-c855-4487-8c3b-39d5f898e72e,_location_special-town-search,application,2026-01-10 11:06:51.331000+05:30,2026-01-10,Saturday,'11:06:51.331000
30ba8fc6-c855-4487-8c3b-39d5f898e72e,_location_special-town-search,application,2026-01-10 11:07:22.496000+05:30,2026-01-10,Saturday,'11:07:22.496000
30ba8fc6-c855-4487-8c3b-39d5f898e72e,_location_special-town-search,application,2026-01-10 11:08:16.875000+05:30,2026-01-10,Saturday,'11:08:16.875000
30ba8fc6-c855-4487-8c3b-39d5f898e72e,_location_special-town-search,application,2026-01-10 11:11:12.433000+05:30,2026-01-10,Saturday,'11:11:12.433000
30ba8fc6-c855-4487-8c3b-39d5f898e72e,_location_special-town-search,application,2026-01-10 11:12:04.867000+05:30,2026-01-10,Saturday,'11:12:04.867000
30ba8fc6-c855-4487-8c3b-39d5f898e72e,_location_special-town-search,application,2026-01-10 11:12:14.212000+05:30,2026-01-10,Saturday,'11:12:14.212000
30ba8fc6-c855-4487-8c3b-39d5f898e72e,_location_special-town-search,application,2026-01-10 11:12:44.054000+05:30,2026-01-10,Saturday,'11:12:44.054000
30ba8fc6-c855-4487-8c3b-39d5f898e72e,_profile,application,2026-01-10 11:04:30.945000+05:30,2026-01-10,Saturday,'11:04:30.945000
30ba8fc6-c855-4487-8c3b-39d5f898e72e,_profile,application,2026-01-10 11:09:13.660000+05:30,2026-01-10,Saturday,'11:09:13.660000
30ba8fc6-c855-4487-8c3b-39d5f898e72e,_rewards_best-V2,application,2026-01-10 10:57:51.885000+05:30,2026-01-10,Saturday,'10:57:51.885000
30ba8fc6-c855-4487-8c3b-39d5f898e72e,_rewards_best-V2,application,2026-01-10 10:58:26.533000+05:30,2026-01-10,Saturday,'10:58:26.533000
30ba8fc6-c855-4487-8c3b-39d5f898e72e,_rewards_best-V2,application,2026-01-10 10:59:10.913000+05:30,2026-01-10,Saturday,'10:59:10.913000
30ba8fc6-c855-4487-8c3b-39d5f898e72e,_rewards_best-V2,application,2026-01-10 11:00:20.661000+05:30,2026-01-10,Saturday,'11:00:20.661000
30ba8fc6-c855-4487-8c3b-39d5f898e72e,_rewards_best-V2,application,2026-01-10 11:01:45.052000+05:30,2026-01-10,Saturday,'11:01:45.052000
30ba8fc6-c855-4487-8c3b-39d5f898e72e,_rewards_best-V2,application,2026-01-10 11:02:58.104000+05:30,2026-01-10,Saturday,'11:02:58.104000
30ba8fc6-c855-4487-8c3b-39d5f898e72e,_rewards_best-V2,application,2026-01-10 11:04:16.320000+05:30,2026-01-10,Saturday,'11:04:16.320000
30ba8fc6-c855-4487-8c3b-39d5f898e72e,_rewards_best-V2,application,2026-01-10 11:06:42.308000+05:30,2026-01-10,Saturday,'11:06:42.308000
30ba8fc6-c855-4487-8c3b-39d5f898e72e,_rewards_best-V2,application,2026-01-10 11:07:09.284000+05:30,2026-01-10,Saturday,'11:07:09.284000
30ba8fc6-c855-4487-8c3b-39d5f898e72e,_rewards_best-V2,application,2026-01-10 11:07:17.791000+05:30,2026-01-10,Saturday,'11:07:17.791000
30ba8fc6-c855-4487-8c3b-39d5f898e72e,_rewards_best-V2,application,2026-01-10 11:07:56.170000+05:30,2026-01-10,Saturday,'11:07:56.170000
30ba8fc6-c855-4487-8c3b-39d5f898e72e,_rewards_best-V2,application,2026-01-10 11:09:03.120000+05:30,2026-01-10,Saturday,'11:09:03.120000
30ba8fc6-c855-4487-8c3b-39d5f898e72e,_rewards_best-V2,application,2026-01-10 11:11:32.514000+05:30,2026-01-10,Saturday,'11:11:32.514000
30ba8fc6-c855-4487-8c3b-39d5f898e72e,_rewards_best-V2,application,2026-01-10 11:12:31.332000+05:30,2026-01-10,Saturday,'11:12:31.332000
30ba8fc6-c855-4487-8c3b-39d5f898e72e,_rewards_best-V2,application,2026-01-10 11:13:03.021000+05:30,2026-01-10,Saturday,'11:13:03.021000
30ba8fc6-c855-4487-8c3b-39d5f898e72e,_ticket,application,2026-01-10 10:55:51.581000+05:30,2026-01-10,Saturday,'10:55:51.581000
30ba8fc6-c855-4487-8c3b-39d5f898e72e,_ticket,application,2026-01-10 10:56:48.107000+05:30,2026-01-10,Saturday,'10:56:48.107000
30ba8fc6-c855-4487-8c3b-39d5f898e72e,_ticket,application,2026-01-10 11:11:11.923000+05:30,2026-01-10,Saturday,'11:11:11.923000
30ba8fc6-c855-4487-8c3b-39d5f898e72e,_user,application,2026-01-10 10:55:35.146000+05:30,2026-01-10,Saturday,'10:55:35.146000
30ba8fc6-c855-4487-8c3b-39d5f898e72e,_user,application,2026-01-10 10:55:50.257000+05:30,2026-01-10,Saturday,'10:55:50.257000
30ba8fc6-c855-4487-8c3b-39d5f898e72e,_user,application,2026-01-10 10:55:50.936000+05:30,2026-01-10,Saturday,'10:55:50.936000
30ba8fc6-c855-4487-8c3b-39d5f898e72e,_user,application,2026-01-10 10:56:26.289000+05:30,2026-01-10,Saturday,'10:56:26.289000
30ba8fc6-c855-4487-8c3b-39d5f898e72e,_user,application,2026-01-10 10:56:46.633000+05:30,2026-01-10,Saturday,'10:56:46.633000
30ba8fc6-c855-4487-8c3b-39d5f898e72e,_user,application,2026-01-10 10:56:47.229000+05:30,2026-01-10,Saturday,'10:56:47.229000
30ba8fc6-c855-4487-8c3b-39d5f898e72e,_user,application,2026-01-10 10:57:02.251000+05:30,2026-01-10,Saturday,'10:57:02.251000
30ba8fc6-c855-4487-8c3b-39d5f898e72e,_user,application,2026-01-10 10:58:22.978000+05:30,2026-01-10,Saturday,'10:58:22.978000
30ba8fc6-c855-4487-8c3b-39d5f898e72e,_user,application,2026-01-10 10:59:04.806000+05:30,2026-01-10,Saturday,'10:59:04.806000
30ba8fc6-c855-4487-8c3b-39d5f898e72e,_user,application,2026-01-10 11:00:17.835000+05:30,2026-01-10,Saturday,'11:00:17.835000
30ba8fc6-c855-4487-8c3b-39d5f898e72e,_user,application,2026-01-10 11:01:39.707000+05:30,2026-01-10,Saturday,'11:01:39.707000
30ba8fc6-c855-4487-8c3b-39d5f898e72e,_user,application,2026-01-10 11:02:55.110000+05:30,2026-01-10,Saturday,'11:02:55.110000
30ba8fc6-c855-4487-8c3b-39d5f898e72e,_user,application,2026-01-10 11:04:12.679000+05:30,2026-01-10,Saturday,'11:04:12.679000
30ba8fc6-c855-4487-8c3b-39d5f898e72e,_user,application,2026-01-10 11:06:38.998000+05:30,2026-01-10,Saturday,'11:06:38.998000
30ba8fc6-c855-4487-8c3b-39d5f898e72e,_user,application,2026-01-10 11:07:06.794000+05:30,2026-01-10,Saturday,'11:07:06.794000
30ba8fc6-c855-4487-8c3b-39d5f898e72e,_user,application,2026-01-10 11:07:15.352000+05:30,2026-01-10,Saturday,'11:07:15.352000
30ba8fc6-c855-4487-8c3b-39d5f898e72e,_user,application,2026-01-10 11:07:48.296000+05:30,2026-01-10,Saturday,'11:07:48.296000
30ba8fc6-c855-4487-8c3b-39d5f898e72e,_user,application,2026-01-10 11:09:00.715000+05:30,2026-01-10,Saturday,'11:09:00.715000
30ba8fc6-c855-4487-8c3b-39d5f898e72e,_user,application,2026-01-10 11:11:10.663000+05:30,2026-01-10,Saturday,'11:11:10.663000
30ba8fc6-c855-4487-8c3b-39d5f898e72e,_user,application,2026-01-10 11:11:11.686000+05:30,2026-01-10,Saturday,'11:11:11.686000
30ba8fc6-c855-4487-8c3b-39d5f898e72e,_user,application,2026-01-10 11:11:25.937000+05:30,2026-01-10,Saturday,'11:11:25.937000
30ba8fc6-c855-4487-8c3b-39d5f898e72e,_user,application,2026-01-10 11:12:28.371000+05:30,2026-01-10,Saturday,'11:12:28.371000
30ba8fc6-c855-4487-8c3b-39d5f898e72e,_user,application,2026-01-10 11:13:00.070000+05:30,2026-01-10,Saturday,'11:13:00.070000
30ba8fc6-c855-4487-8c3b-39d5f898e72e,_user_device,application,2026-01-10 10:55:50.469000+05:30,2026-01-10,Saturday,'10:55:50.469000
30ba8fc6-c855-4487-8c3b-39d5f898e72e,app_start,application,2026-01-10 10:54:37.437000+05:30,2026-01-10,Saturday,'10:54:37.437000
30ba8fc6-c855-4487-8c3b-39d5f898e72e,bus_detail,application,2026-01-10 11:04:30.148000+05:30,2026-01-10,Saturday,'11:04:30.148000
30ba8fc6-c855-4487-8c3b-39d5f898e72e,bus_detail,application,2026-01-10 11:09:12.285000+05:30,2026-01-10,Saturday,'11:09:12.285000
30ba8fc6-c855-4487-8c3b-39d5f898e72e,bus_result,application,2026-01-10 10:57:52.188000+05:30,2026-01-10,Saturday,'10:57:52.188000
30ba8fc6-c855-4487-8c3b-39d5f898e72e,bus_result,application,2026-01-10 10:58:26.581000+05:30,2026-01-10,Saturday,'10:58:26.581000
30ba8fc6-c855-4487-8c3b-39d5f898e72e,bus_result,application,2026-01-10 10:59:11.056000+05:30,2026-01-10,Saturday,'10:59:11.056000
30ba8fc6-c855-4487-8c3b-39d5f898e72e,bus_result,application,2026-01-10 11:00:20.779000+05:30,2026-01-10,Saturday,'11:00:20.779000
30ba8fc6-c855-4487-8c3b-39d5f898e72e,bus_result,application,2026-01-10 11:01:45.342000+05:30,2026-01-10,Saturday,'11:01:45.342000
30ba8fc6-c855-4487-8c3b-39d5f898e72e,bus_result,application,2026-01-10 11:02:58.226000+05:30,2026-01-10,Saturday,'11:02:58.226000
30ba8fc6-c855-4487-8c3b-39d5f898e72e,bus_result,application,2026-01-10 11:04:16.630000+05:30,2026-01-10,Saturday,'11:04:16.630000
30ba8fc6-c855-4487-8c3b-39d5f898e72e,bus_result,application,2026-01-10 11:06:42.442000+05:30,2026-01-10,Saturday,'11:06:42.442000
30ba8fc6-c855-4487-8c3b-39d5f898e72e,bus_result,application,2026-01-10 11:07:09.372000+05:30,2026-01-10,Saturday,'11:07:09.372000
30ba8fc6-c855-4487-8c3b-39d5f898e72e,bus_result,application,2026-01-10 11:07:17.837000+05:30,2026-01-10,Saturday,'11:07:17.837000
30ba8fc6-c855-4487-8c3b-39d5f898e72e,bus_result,application,2026-01-10 11:07:56.273000+05:30,2026-01-10,Saturday,'11:07:56.273000
30ba8fc6-c855-4487-8c3b-39d5f898e72e,bus_result,application,2026-01-10 11:09:03.224000+05:30,2026-01-10,Saturday,'11:09:03.224000
30ba8fc6-c855-4487-8c3b-39d5f898e72e,bus_result,application,2026-01-10 11:11:32.699000+05:30,2026-01-10,Saturday,'11:11:32.699000
30ba8fc6-c855-4487-8c3b-39d5f898e72e,bus_result,application,2026-01-10 11:12:31.700000+05:30,2026-01-10,Saturday,'11:12:31.700000
30ba8fc6-c855-4487-8c3b-39d5f898e72e,bus_result,application,2026-01-10 11:13:03.337000+05:30,2026-01-10,Saturday,'11:13:03.337000
30ba8fc6-c855-4487-8c3b-39d5f898e72e,bus_search,application,2026-01-10 10:57:52.178000+05:30,2026-01-10,Saturday,'10:57:52.178000
30ba8fc6-c855-4487-8c3b-39d5f898e72e,bus_search,application,2026-01-10 10:58:26.569000+05:30,2026-01-10,Saturday,'10:58:26.569000
30ba8fc6-c855-4487-8c3b-39d5f898e72e,bus_search,application,2026-01-10 10:59:11.037000+05:30,2026-01-10,Saturday,'10:59:11.037000
30ba8fc6-c855-4487-8c3b-39d5f898e72e,bus_search,application,2026-01-10 11:00:20.763000+05:30,2026-01-10,Saturday,'11:00:20.763000
30ba8fc6-c855-4487-8c3b-39d5f898e72e,bus_search,application,2026-01-10 11:01:45.306000+05:30,2026-01-10,Saturday,'11:01:45.306000
30ba8fc6-c855-4487-8c3b-39d5f898e72e,bus_search,application,2026-01-10 11:02:58.209000+05:30,2026-01-10,Saturday,'11:02:58.209000
30ba8fc6-c855-4487-8c3b-39d5f898e72e,bus_search,application,2026-01-10 11:04:16.614000+05:30,2026-01-10,Saturday,'11:04:16.614000
30ba8fc6-c855-4487-8c3b-39d5f898e72e,bus_search,application,2026-01-10 11:06:42.407000+05:30,2026-01-10,Saturday,'11:06:42.407000
30ba8fc6-c855-4487-8c3b-39d5f898e72e,bus_search,application,2026-01-10 11:07:09.337000+05:30,2026-01-10,Saturday,'11:07:09.337000
30ba8fc6-c855-4487-8c3b-39d5f898e72e,bus_search,application,2026-01-10 11:07:17.824000+05:30,2026-01-10,Saturday,'11:07:17.824000
30ba8fc6-c855-4487-8c3b-39d5f898e72e,bus_search,application,2026-01-10 11:07:56.263000+05:30,2026-01-10,Saturday,'11:07:56.263000
30ba8fc6-c855-4487-8c3b-39d5f898e72e,bus_search,application,2026-01-10 11:09:03.216000+05:30,2026-01-10,Saturday,'11:09:03.216000
30ba8fc6-c855-4487-8c3b-39d5f898e72e,bus_search,application,2026-01-10 11:11:32.689000+05:30,2026-01-10,Saturday,'11:11:32.689000
30ba8fc6-c855-4487-8c3b-39d5f898e72e,bus_search,application,2026-01-10 11:12:31.680000+05:30,2026-01-10,Saturday,'11:12:31.680000
30ba8fc6-c855-4487-8c3b-39d5f898e72e,bus_search,application,2026-01-10 11:13:03.314000+05:30,2026-01-10,Saturday,'11:13:03.314000
30ba8fc6-c855-4487-8c3b-39d5f898e72e,choose_language,application,2026-01-10 10:54:43.130000+05:30,2026-01-10,Saturday,'10:54:43.130000
30ba8fc6-c855-4487-8c3b-39d5f898e72e,choose_language,application,2026-01-10 10:54:43.235000+05:30,2026-01-10,Saturday,'10:54:43.235000
30ba8fc6-c855-4487-8c3b-39d5f898e72e,choose_language,application,2026-01-10 10:54:43.316000+05:30,2026-01-10,Saturday,'10:54:43.316000
30ba8fc6-c855-4487-8c3b-39d5f898e72e,choose_language,application,2026-01-10 10:54:44.089000+05:30,2026-01-10,Saturday,'10:54:44.089000
30ba8fc6-c855-4487-8c3b-39d5f898e72e,date_change_on_bus_list,application,2026-01-10 10:57:30.262000+05:30,2026-01-10,Saturday,'10:57:30.262000
30ba8fc6-c855-4487-8c3b-39d5f898e72e,date_change_on_bus_list,application,2026-01-10 10:57:38.857000+05:30,2026-01-10,Saturday,'10:57:38.857000
30ba8fc6-c855-4487-8c3b-39d5f898e72e,date_select,application,2026-01-10 10:57:30.276000+05:30,2026-01-10,Saturday,'10:57:30.276000
30ba8fc6-c855-4487-8c3b-39d5f898e72e,date_select,application,2026-01-10 10:57:38.869000+05:30,2026-01-10,Saturday,'10:57:38.869000
30ba8fc6-c855-4487-8c3b-39d5f898e72e,enter_otp,application,2026-01-10 10:55:34.565000+05:30,2026-01-10,Saturday,'10:55:34.565000
30ba8fc6-c855-4487-8c3b-39d5f898e72e,generate_otp,application,2026-01-10 10:54:55.834000+05:30,2026-01-10,Saturday,'10:54:55.834000
30ba8fc6-c855-4487-8c3b-39d5f898e72e,generate_otp,application,2026-01-10 10:55:18.590000+05:30,2026-01-10,Saturday,'10:55:18.590000
30ba8fc6-c855-4487-8c3b-39d5f898e72e,get_otp,application,2026-01-10 10:54:58.049000+05:30,2026-01-10,Saturday,'10:54:58.049000
30ba8fc6-c855-4487-8c3b-39d5f898e72e,get_otp,application,2026-01-10 10:55:19.256000+05:30,2026-01-10,Saturday,'10:55:19.256000
30ba8fc6-c855-4487-8c3b-39d5f898e72e,login,application,2026-01-10 10:55:34.902000+05:30,2026-01-10,Saturday,'10:55:34.902000
30ba8fc6-c855-4487-8c3b-39d5f898e72e,pageview_bus_list,application,2026-01-10 10:56:26.315000+05:30,2026-01-10,Saturday,'10:56:26.315000
30ba8fc6-c855-4487-8c3b-39d5f898e72e,pageview_bus_list,application,2026-01-10 10:57:02.424000+05:30,2026-01-10,Saturday,'10:57:02.424000
30ba8fc6-c855-4487-8c3b-39d5f898e72e,pageview_bus_list,application,2026-01-10 10:58:23.003000+05:30,2026-01-10,Saturday,'10:58:23.003000
30ba8fc6-c855-4487-8c3b-39d5f898e72e,pageview_bus_list,application,2026-01-10 10:59:04.820000+05:30,2026-01-10,Saturday,'10:59:04.820000
30ba8fc6-c855-4487-8c3b-39d5f898e72e,pageview_bus_list,application,2026-01-10 11:00:17.861000+05:30,2026-01-10,Saturday,'11:00:17.861000
30ba8fc6-c855-4487-8c3b-39d5f898e72e,pageview_bus_list,application,2026-01-10 11:01:39.721000+05:30,2026-01-10,Saturday,'11:01:39.721000
30ba8fc6-c855-4487-8c3b-39d5f898e72e,pageview_bus_list,application,2026-01-10 11:02:55.135000+05:30,2026-01-10,Saturday,'11:02:55.135000
30ba8fc6-c855-4487-8c3b-39d5f898e72e,pageview_bus_list,application,2026-01-10 11:04:12.693000+05:30,2026-01-10,Saturday,'11:04:12.693000
30ba8fc6-c855-4487-8c3b-39d5f898e72e,pageview_bus_list,application,2026-01-10 11:06:39.013000+05:30,2026-01-10,Saturday,'11:06:39.013000
30ba8fc6-c855-4487-8c3b-39d5f898e72e,pageview_bus_list,application,2026-01-10 11:07:06.815000+05:30,2026-01-10,Saturday,'11:07:06.815000
30ba8fc6-c855-4487-8c3b-39d5f898e72e,pageview_bus_list,application,2026-01-10 11:07:15.366000+05:30,2026-01-10,Saturday,'11:07:15.366000
30ba8fc6-c855-4487-8c3b-39d5f898e72e,pageview_bus_list,application,2026-01-10 11:07:48.318000+05:30,2026-01-10,Saturday,'11:07:48.318000
30ba8fc6-c855-4487-8c3b-39d5f898e72e,pageview_bus_list,application,2026-01-10 11:09:00.734000+05:30,2026-01-10,Saturday,'11:09:00.734000
30ba8fc6-c855-4487-8c3b-39d5f898e72e,pageview_bus_list,application,2026-01-10 11:11:26.067000+05:30,2026-01-10,Saturday,'11:11:26.067000
30ba8fc6-c855-4487-8c3b-39d5f898e72e,pageview_bus_list,application,2026-01-10 11:12:28.599000+05:30,2026-01-10,Saturday,'11:12:28.599000
30ba8fc6-c855-4487-8c3b-39d5f898e72e,pageview_bus_list,application,2026-01-10 11:13:00.167000+05:30,2026-01-10,Saturday,'11:13:00.167000
30ba8fc6-c855-4487-8c3b-39d5f898e72e,pageview_seat_selection,application,2026-01-10 11:04:30.211000+05:30,2026-01-10,Saturday,'11:04:30.211000
30ba8fc6-c855-4487-8c3b-39d5f898e72e,pageview_seat_selection,application,2026-01-10 11:09:12.285000+05:30,2026-01-10,Saturday,'11:09:12.285000
30ba8fc6-c855-4487-8c3b-39d5f898e72e,select_seat,application,2026-01-10 11:09:18.737000+05:30,2026-01-10,Saturday,'11:09:18.737000
30ba8fc6-c855-4487-8c3b-39d5f898e72e,select_seat,application,2026-01-10 11:09:21.640000+05:30,2026-01-10,Saturday,'11:09:21.640000
30ba8fc6-c855-4487-8c3b-39d5f898e72e,select_seat,application,2026-01-10 11:09:21.963000+05:30,2026-01-10,Saturday,'11:09:21.963000
30ba8fc6-c855-4487-8c3b-39d5f898e72e,select_seat,application,2026-01-10 11:09:23.313000+05:30,2026-01-10,Saturday,'11:09:23.313000
30ba8fc6-c855-4487-8c3b-39d5f898e72e,select_seat,application,2026-01-10 11:09:23.878000+05:30,2026-01-10,Saturday,'11:09:23.878000
30ba8fc6-c855-4487-8c3b-39d5f898e72e,select_seat,application,2026-01-10 11:09:25.601000+05:30,2026-01-10,Saturday,'11:09:25.601000
30ba8fc6-c855-4487-8c3b-39d5f898e72e,select_seat,application,2026-01-10 11:09:26.246000+05:30,2026-01-10,Saturday,'11:09:26.246000
30ba8fc6-c855-4487-8c3b-39d5f898e72e,select_seat,application,2026-01-10 11:09:27.715000+05:30,2026-01-10,Saturday,'11:09:27.715000
30ba8fc6-c855-4487-8c3b-39d5f898e72e,select_seat,application,2026-01-10 11:09:28.735000+05:30,2026-01-10,Saturday,'11:09:28.735000
30ba8fc6-c855-4487-8c3b-39d5f898e72e,select_seat,application,2026-01-10 11:09:30.394000+05:30,2026-01-10,Saturday,'11:09:30.394000
30ba8fc6-c855-4487-8c3b-39d5f898e72e,select_seat,application,2026-01-10 11:09:31.415000+05:30,2026-01-10,Saturday,'11:09:31.415000
30ba8fc6-c855-4487-8c3b-39d5f898e72e,select_seat,application,2026-01-10 11:09:32.547000+05:30,2026-01-10,Saturday,'11:09:32.547000
30ba8fc6-c855-4487-8c3b-39d5f898e72e,select_seat,application,2026-01-10 11:09:36.894000+05:30,2026-01-10,Saturday,'11:09:36.894000
30ba8fc6-c855-4487-8c3b-39d5f898e72e,select_seat,application,2026-01-10 11:09:38.099000+05:30,2026-01-10,Saturday,'11:09:38.099000
30ba8fc6-c855-4487-8c3b-39d5f898e72e,verify_otp,application,2026-01-10 10:55:34.216000+05:30,2026-01-10,Saturday,'10:55:34.216000
